arXiv Paper Classification Results
Run at: 2024-11-22 23:32:22

Training Set Results:
Accuracy: 0.9349
Classification Report:
              precision    recall  f1-score   support

           0       1.00      0.81      0.89        26
           1       1.00      0.76      0.87        38
           2       1.00      0.91      0.95        22
           3       1.00      0.76      0.86        37
           4       1.00      0.91      0.95      5479
           5       1.00      0.80      0.89        44
           6       1.00      0.67      0.80         9
           7       1.00      0.67      0.80        48
           8       1.00      0.85      0.92       101
           9       1.00      0.91      0.95      1149
          10       1.00      0.89      0.94       496
          11       1.00      0.99      1.00     21298
          12       1.00      0.80      0.89       163
          13       1.00      0.91      0.95        67
          14       0.99      0.83      0.91       172
          15       1.00      0.75      0.86         8
          16       1.00      0.81      0.90        32
          17       1.00      0.73      0.84       125
          18       1.00      0.46      0.63        13
          19       1.00      0.76      0.87        17
          20       1.00      0.84      0.91       406
          21       1.00      0.83      0.91        88
          22       1.00      0.80      0.89       243
          23       1.00      0.83      0.91       307
          24       1.00      0.75      0.85       193
          25       1.00      0.99      0.99     20319
          26       1.00      0.79      0.88        43
          27       1.00      0.83      0.91       258
          28       1.00      0.82      0.90       362
          29       1.00      0.76      0.87       102
          30       1.00      0.81      0.90       867
          31       1.00      0.73      0.84        81
          32       1.00      0.77      0.87        30
          33       1.00      0.85      0.92        39
          34       1.00      0.89      0.94      1317
          35       1.00      0.92      0.96        12
          36       1.00      0.89      0.94       132
          37       1.00      0.83      0.90        86
          38       1.00      0.90      0.95       476
          39       1.00      0.84      0.91       327
          40       1.00      0.82      0.90        28
          41       1.00      0.83      0.91         6
          42       1.00      0.88      0.93       144
          43       1.00      0.85      0.92      1705
          44       1.00      0.79      0.88       440
          45       1.00      0.83      0.91       251
          46       1.00      0.70      0.82        10
          47       1.00      0.90      0.95        10
          48       1.00      0.91      0.95        33
          49       1.00      0.78      0.88         9
          50       1.00      1.00      1.00        11
          51       1.00      0.77      0.87        53
          52       1.00      0.73      0.85        15
          53       1.00      0.75      0.85       193
          54       1.00      0.80      0.89       111
          55       1.00      0.82      0.90       475
          56       1.00      0.85      0.92        52
          57       1.00      0.83      0.91        12
          58       1.00      0.82      0.90       150
          59       1.00      0.71      0.83        17
          60       1.00      0.60      0.75        20
          61       1.00      0.79      0.88        19
          62       1.00      0.60      0.75         5
          63       1.00      0.89      0.94        81
          64       1.00      0.79      0.89        78
          65       1.00      0.83      0.90        63
          66       1.00      0.53      0.70        15
          67       1.00      0.85      0.92        26
          68       1.00      0.83      0.91        18
          69       1.00      0.69      0.81        16
          70       1.00      0.72      0.84        25
          71       1.00      0.79      0.88        53
          72       1.00      0.70      0.83        27
          73       1.00      0.92      0.96        13
          74       1.00      0.76      0.86       109
          75       1.00      0.86      0.92       171
          76       1.00      1.00      1.00        22
          77       1.00      0.85      0.92        20
          78       1.00      0.83      0.91         6
          79       1.00      0.75      0.86        12
          80       1.00      0.78      0.88        37
          81       1.00      0.74      0.85        19
          82       1.00      0.80      0.89        30
          83       1.00      0.80      0.89       214
          84       1.00      0.79      0.88        85
          85       1.00      0.77      0.87       141
          86       1.00      0.98      0.99     10888
          87       1.00      0.82      0.90       150

   micro avg       1.00      0.96      0.98     71120
   macro avg       1.00      0.81      0.89     71120
weighted avg       1.00      0.96      0.98     71120
 samples avg       1.00      0.97      0.98     71120


Validation Set Results:
Accuracy: 0.5640
Classification Report:
              precision    recall  f1-score   support

           0       1.00      0.50      0.67         2
           1       1.00      0.21      0.35        14
           2       1.00      0.25      0.40         4
           3       1.00      0.25      0.40         8
           4       0.84      0.39      0.53      1235
           5       1.00      0.25      0.40         4
           6       1.00      0.09      0.17        11
           7       1.00      0.17      0.29         6
           8       1.00      0.25      0.40        20
           9       1.00      0.44      0.61       239
          10       0.96      0.24      0.38       104
          11       0.95      0.93      0.94      4585
          12       1.00      0.24      0.39        45
          13       1.00      0.22      0.36        18
          14       1.00      0.15      0.26        46
          15       1.00      0.25      0.40         4
          16       1.00      0.57      0.73         7
          17       1.00      0.09      0.17        22
          18       0.00      0.00      0.00         1
          19       0.00      0.00      0.00         1
          20       1.00      0.19      0.31        97
          21       1.00      0.40      0.57        10
          22       1.00      0.17      0.30        63
          23       1.00      0.25      0.41        51
          24       1.00      0.06      0.11        51
          25       0.91      0.86      0.89      4336
          26       1.00      0.20      0.33        15
          27       1.00      0.27      0.43        59
          28       1.00      0.30      0.46        77
          29       1.00      0.17      0.29        30
          30       1.00      0.22      0.36       197
          31       1.00      0.09      0.17        11
          32       1.00      0.43      0.60         7
          33       1.00      0.57      0.73         7
          34       0.98      0.31      0.47       285
          35       1.00      0.33      0.50         3
          36       1.00      0.21      0.35        28
          37       1.00      0.20      0.33        15
          38       1.00      0.47      0.64       105
          39       1.00      0.18      0.30        51
          40       0.00      0.00      0.00         4
          41       0.00      0.00      0.00         2
          42       1.00      0.26      0.41        27
          43       1.00      0.32      0.49       402
          44       1.00      0.22      0.36        82
          45       1.00      0.20      0.34        44
          46       0.00      0.00      0.00         5
          47       1.00      0.17      0.29         6
          48       1.00      1.00      1.00         1
          49       0.00      0.00      0.00         3
          50       0.00      0.00      0.00         0
          51       1.00      0.12      0.22         8
          52       0.00      0.00      0.00         4
          53       1.00      0.06      0.11        51
          54       1.00      0.21      0.35        33
          55       1.00      0.18      0.31        93
          56       1.00      0.08      0.14        13
          57       0.00      0.00      0.00         0
          58       1.00      0.14      0.24        29
          59       0.00      0.00      0.00         4
          60       0.00      0.00      0.00         8
          61       1.00      0.67      0.80         3
          62       0.00      0.00      0.00         2
          63       1.00      0.42      0.59        24
          64       1.00      0.35      0.52        17
          65       1.00      0.11      0.20        18
          66       0.00      0.00      0.00         3
          67       1.00      0.67      0.80         3
          68       1.00      0.17      0.29         6
          69       1.00      0.29      0.44         7
          70       1.00      0.17      0.29         6
          71       1.00      0.45      0.62        20
          72       1.00      0.50      0.67         2
          73       1.00      0.75      0.86         4
          74       1.00      0.14      0.25        28
          75       1.00      0.25      0.40        32
          76       1.00      1.00      1.00         2
          77       0.00      0.00      0.00         4
          78       0.00      0.00      0.00         2
          79       1.00      0.33      0.50         3
          80       1.00      0.25      0.40         4
          81       0.00      0.00      0.00         5
          82       0.00      0.00      0.00        12
          83       1.00      0.07      0.13        29
          84       1.00      0.09      0.17        11
          85       1.00      0.05      0.10        37
          86       0.79      0.62      0.70      2347
          87       1.00      0.14      0.24        29

   micro avg       0.91      0.70      0.79     15353
   macro avg       0.80      0.25      0.35     15353
weighted avg       0.91      0.70      0.75     15353
 samples avg       0.91      0.77      0.81     15353


Test Set Results:
Accuracy: 0.5684
Classification Report:
              precision    recall  f1-score   support

           0       1.00      0.33      0.50         3
           1       1.00      0.11      0.20         9
           2       1.00      0.40      0.57         5
           3       1.00      0.11      0.20         9
           4       0.86      0.39      0.54      1230
           5       1.00      0.22      0.36         9
           6       0.00      0.00      0.00        10
           7       1.00      0.31      0.47        13
           8       1.00      0.46      0.63        24
           9       0.92      0.40      0.56       232
          10       1.00      0.21      0.35       117
          11       0.95      0.93      0.94      4530
          12       1.00      0.13      0.24        45
          13       1.00      0.09      0.17        11
          14       0.88      0.16      0.27        43
          15       0.00      0.00      0.00         0
          16       1.00      0.60      0.75        10
          17       1.00      0.24      0.39        25
          18       0.00      0.00      0.00         3
          19       0.00      0.00      0.00         2
          20       1.00      0.25      0.40        80
          21       1.00      0.12      0.21        17
          22       1.00      0.19      0.32        53
          23       1.00      0.25      0.40        84
          24       1.00      0.10      0.18        31
          25       0.92      0.87      0.90      4412
          26       1.00      0.50      0.67         4
          27       1.00      0.41      0.59        58
          28       1.00      0.27      0.43        84
          29       1.00      0.25      0.40        24
          30       1.00      0.23      0.38       232
          31       1.00      0.30      0.47        23
          32       1.00      0.22      0.36         9
          33       0.00      0.00      0.00         8
          34       0.98      0.30      0.45       294
          35       1.00      0.40      0.57         5
          36       1.00      0.22      0.36        32
          37       1.00      0.24      0.38        17
          38       1.00      0.52      0.68        97
          39       1.00      0.15      0.26        66
          40       1.00      0.17      0.29         6
          41       1.00      0.33      0.50         3
          42       1.00      0.27      0.43        33
          43       1.00      0.31      0.47       377
          44       1.00      0.20      0.34        99
          45       1.00      0.18      0.31        50
          46       0.00      0.00      0.00         5
          47       1.00      0.33      0.50         3
          48       0.00      0.00      0.00         2
          49       0.00      0.00      0.00         2
          50       0.00      0.00      0.00         0
          51       0.67      0.17      0.27        12
          52       1.00      0.67      0.80         3
          53       1.00      0.10      0.18        31
          54       1.00      0.33      0.50        24
          55       1.00      0.16      0.28        98
          56       1.00      0.27      0.43        11
          57       0.00      0.00      0.00         1
          58       1.00      0.07      0.13        29
          59       0.00      0.00      0.00         4
          60       0.00      0.00      0.00         4
          61       0.00      0.00      0.00         2
          62       1.00      0.33      0.50         6
          63       1.00      0.50      0.67        14
          64       1.00      0.50      0.67        10
          65       1.00      0.08      0.14        13
          66       0.00      0.00      0.00         3
          67       1.00      0.25      0.40         4
          68       0.00      0.00      0.00        12
          69       1.00      0.40      0.57         5
          70       0.00      0.00      0.00         6
          71       1.00      0.75      0.86        12
          72       1.00      0.25      0.40         8
          73       0.00      0.00      0.00         7
          74       1.00      0.13      0.23        31
          75       1.00      0.32      0.49        34
          76       1.00      0.33      0.50         3
          77       1.00      0.20      0.33         5
          78       1.00      0.25      0.40         4
          79       1.00      0.33      0.50         3
          80       1.00      0.40      0.57        10
          81       1.00      0.50      0.67         4
          82       1.00      0.20      0.33         5
          83       1.00      0.25      0.41        51
          84       0.00      0.00      0.00        12
          85       1.00      0.08      0.15        36
          86       0.77      0.61      0.68      2343
          87       1.00      0.07      0.13        29

   micro avg       0.91      0.70      0.79     15429
   macro avg       0.78      0.24      0.35     15429
weighted avg       0.91      0.70      0.75     15429
 samples avg       0.91      0.78      0.81     15429


Training Time: 193.230 seconds
